1.552
1.3779
1.2009
1.056
0.91644
0.81681
0.76654
0.69226
0.601
0.51714
0.4544
0.40341
0.38295
0.34944
0.32276
0.2975
0.26591
0.25376
0.24092
0.22556
0.21007
0.20132
0.19151
0.18408
0.17407
0.1675
0.16273
0.1587
0.15586
0.14792
0.14479
0.14063
0.13856
0.13271
0.1302
0.12419
0.1207
0.11836
0.11526
0.11468
0.10993
0.10876
0.10766
0.10645
0.10525
0.10277
0.099781
0.098427
0.096334
0.093275
0.092133
0.09089
0.089612
0.087288
0.084832
0.083732
0.08319
0.082442
0.081262
0.079981
0.078471
0.077774
0.075299
0.074975
0.074553
0.073158
0.072357
0.071763
0.07153
0.071351
0.070093
0.068281
0.06736
0.066778
0.066391
0.065581
0.065061
0.063911
0.063453
0.062497
0.062272
0.061974
0.060681
0.060659
0.060591
0.059831
0.059054
0.059056
0.058782
0.058621
0.057868
0.057557
0.057357
0.057142
0.056906
0.056577
0.056537
0.056316
0.055923
0.05528
0.055319
0.054922
0.054743
0.054614
0.054509
0.054089
0.053475
0.053118
0.052415
0.052316
0.05184
0.051267
0.051067
0.051004
0.050839
0.05082
0.050679
0.050613
0.050595
0.050566
0.050097
0.049725
0.049915
0.049582
0.049357
0.049116
0.048235
0.047951
0.047786
0.047705
0.047327
0.046754
0.046251
0.04564
0.044961
0.044819
0.044201
0.044094
0.04398
0.043924
0.043543
0.043464
0.043228
0.043209
0.043076
0.043008
0.043019
0.042624
0.042552
0.041934
0.041734
0.041533
0.041211
0.04122
0.041091
0.040716
0.040829
0.040796
0.040607
0.040553
0.040436
0.039942
0.039976
0.040073
0.040001
0.039764
0.03933
0.038528
0.038453
0.03831
0.038278
0.038178
0.03744
0.037445
0.037238
0.03668
0.036726
0.036396
0.036413
0.036248
0.036248
0.035945
0.035514
0.035197
0.034848
0.034743
0.033998
0.033843
0.0338
0.033878
0.033612
0.033313
0.033116
0.033103
0.031798
0.03101
0.030734
0.030541
0.030286
0.029751
0.029577
0.029494
0.029012
0.028659
0.028646
0.028651
0.028635
0.028584
0.028038
0.02749
0.027501
0.027389
0.027444
0.027507
0.02713
0.027025
0.026977
0.02685
0.026553
0.02641
0.026497
0.02649
0.026517
0.025433
0.025365
0.02536
0.025045
0.025221
0.02491
0.024258
0.024088
0.023855
0.02375
0.023118
0.022997
0.022947
0.022907
0.022961
0.022992
0.022425
0.021969
0.021651
0.021494
0.021511
0.021171
0.02072
0.020855
0.020653
0.020633
0.02067
0.020715
0.020405
0.02029
0.020312
0.020002
0.019425
0.019422
0.019427
0.019424
0.019341
0.01912
0.018932
0.018805
0.018446
0.018391
0.018339
0.018313
0.01823
0.018089
0.017454
0.017111
0.016977
0.016852
0.016657
0.016542
0.016446
0.016396
0.016355
0.016094
0.016149
0.016055
0.01582
0.015598
0.015586
0.015531
0.0156
0.01573
0.015732
0.015546
0.015535
0.015349
0.015337
0.015351
0.015184
0.015182
0.0152
0.015229
0.01526
0.015255
0.015255
0.015303
0.015299
0.015288
0.015057
0.015117
0.015026
0.014896
0.01491
0.014868
0.014798
0.014709
0.014709
0.014363
0.014368
0.014374
0.014253
0.01422
0.014093
0.014069
0.014007
0.013773
0.01358
0.013487
0.013286
0.013165
0.013165
0.013139
0.013121
0.012892
0.012797
0.012908
0.012767
0.012745
0.012836
0.012738
0.012734
0.012821
0.012692
0.012767
0.012819
0.012861
0.012793
0.012807
0.012954
0.012954
0.012893
0.012788
0.012783
0.012811
0.012817
0.012837
0.012861
0.012853
0.012699
0.012641
0.012606
0.01247
0.01247
0.01241
0.012475
0.012283
0.01223
0.012179
0.012173
0.012064
0.012052
0.012162
0.012149
0.012275
0.012181
0.01214
0.012184
0.01213
0.012068
0.012118
0.012079
0.012102
0.012088
0.012069
0.012216
0.01204
0.012138
0.012138
0.012331
0.012331
0.012334
0.012328
0.011751
0.011714
0.011603
0.011601
0.011754
0.011917
0.011721
0.011764
0.011786
0.011736
0.011671
0.011688
0.011642
0.011599
0.011552
0.011404
0.011411
0.011428
0.011223
0.011089
0.010994
0.010949
0.011061
0.011134
0.011298
0.011305
0.011423
0.011429
0.01142
0.01127
0.011317
0.01109
0.011001
0.011025
0.010989
0.010959
0.01105
0.01109
0.010824
0.010831
0.010701
0.010659
0.0105
0.010454
0.01048
0.010534
0.010647
0.010615
0.010606
0.010609
0.010765
0.010727
0.010699
0.010595
0.0105
0.01048
0.010472
0.010421
0.010401
0.010395
0.010332
0.010258
0.010292
0.010222
0.010045
0.010037
0.0099846
0.009836
0.0098189
0.009658
0.0095153
0.0095122
0.0092675
0.0091263
0.0091251
0.0092147
0.0091681
0.0093017
0.0091485
0.0090885
0.0090117
0.0091012
0.0091928
0.0091691
0.0091642
0.0090556
0.0090447
0.0089711
0.0089656
0.0090215
0.0089186
0.0086693
0.008643
0.0084958
0.0084093
0.0082992
0.0082915
0.0083174
0.0081859
0.0081949
0.0081437
0.0081485
0.0080229
0.008061
0.0080539
0.0082009
0.0082229
0.0082228
0.0083328
0.0084541
0.0084624
0.008487
0.0085994
0.0085665
0.0083701
0.0082109
0.008385
0.0084427
0.0084427
0.0084276
0.0084669
0.0085465
0.0085429
0.0084008
0.008391
0.0082813
0.008286
0.008191
0.0081793
0.0081574
0.0081791
0.0081693
0.0081431
0.0082656
0.0081839
0.0080214
0.0080049
0.0081189
0.0080262
0.0080714
0.0081073
0.0080953
0.0079378
0.0079054
0.0079129
0.0079035
0.008091
0.0080907
0.0081273
0.0081162
0.0079617
0.0079099
0.007807
0.007764
0.0078617
0.0078691
0.0078811
0.0078255
0.008035
0.0080302
0.0079173
0.0078856
0.0080041
0.0080045
0.0080345
0.0080144
0.0079472
0.0081247
0.0080436
0.0081109
0.0079996
0.0079168
0.0079009
0.0078993
0.0079283
0.0079283
0.0080337
0.0079823
0.0079281
0.0078385
0.0078415
0.0079495
0.0079769
0.0078795
0.0079151
0.0078049
0.0077458
0.0077361
0.0077361
0.0077749
0.0077655
0.0077655
0.0077371
0.0077483
0.0076246
0.0076246
0.0074159
0.0074159
0.0073406
0.0073498
0.0073424
0.0073302
0.0073652
0.0073602
0.007409
0.0073114
0.007272
0.007359
0.007359
0.0072359
0.0071837
0.007173
0.0071595
0.0071709
0.0071972
0.0071997
0.0071866
0.0071561
0.0071767
0.0071275
0.0071807
0.0071458
0.0069885
0.0068826
0.0068427
0.0069833
0.0068368
0.0064844
0.0065764
0.0065477
0.0066785
0.0066483
0.0066537
0.0065918
0.0064743
0.0064167
0.0063972
0.0063663
0.0064324
0.0063552
0.0063915
0.0064013
0.0064571
0.0064121
0.0063854
0.006347
0.0063315
0.0063266
0.0063162
0.0062154
0.0062154
0.0064641
0.0064663
0.0064659
0.0064775
0.0064296
0.006449
0.0065988
0.0065438
0.0063137
0.0064198
0.0062532
0.0061903
0.0061357
0.0061357
0.0064673
0.0064075
0.0064298
0.0063882
0.0063672
0.006284
0.0062157
0.0062163
0.0062251
0.0062031
0.0061725
0.0060303
0.0060266
0.0059089
0.0058305
0.0057127
0.0056826
0.0056883
0.0055816
0.0055816
0.0053399
0.0052943
0.0053181
0.0054134
0.0053991
0.0054311
0.0057866
0.0055985
0.0056196
0.0054813
0.0054557
0.0051963
0.0050868
0.0050838
0.0049773
0.0049718
0.0049319
0.0049156
0.0049396
0.0049251
0.0048092
0.0048219
0.0048543
0.0051375
0.0051375
0.0049733
0.0049241
0.0049221
0.0050322
0.0049945
0.0049777
0.0049241
0.0048569
0.0048569
0.0048966
0.0049132
0.0049871
0.0050004
0.0049725
0.0049149
0.0047853
0.0047662
0.0048216
0.0048228
0.0047987
0.0047788
0.0048306
0.0047428
0.0046203
0.0047231
0.004728
0.0046644
0.0046397
0.0045406
0.0046359
0.004565
0.0045626
0.0045278
0.0045
0.0045009
0.0045363
0.0044671
0.0043244
0.0042422
0.0040971
0.0038939
0.0038503
0.0039343
0.0039045
0.0038755
0.0037914
0.0037234
0.00376
0.003678
0.0037425
0.0037467
0.0036783
0.0036708
0.0036502
0.003656
0.0037421
0.0037735
0.0037446
0.0037255
0.0037349
0.0036616
0.0036512
0.0037632
0.0036275
0.0035301
0.0035278
0.0035005
0.0034093
0.0033089
0.0033087
0.0033087
0.0032793
0.0032599
0.0032416
0.0032864
0.0033816
0.0034208
0.0033511
0.0032604
0.0032137
0.0031246
0.0031339
0.0030225
0.0030087
0.0030302
0.003036
0.0029734
0.0030012
0.0029416
0.0029359
0.0030338
0.0030063
0.0028774
0.0029573
0.0025127
0.0025114
0.0025208
0.0025239
0.0023952
0.0023554
0.0023669
0.002432
0.0024328
0.0024069
0.0024093
0.0023132
0.0023323
0.0025086
0.0024865
0.0025496
0.0025485
0.0025562
0.0024001
0.0024213
0.0023405
0.0022337
0.0022253
0.0022033
0.002174
0.0023062
0.002306
0.0022873
0.0022796
0.0021051
0.0021281
0.002128
0.0021068
0.0020473
0.0019903
0.0020392
0.0020412
0.0022007
0.0021252
0.0020874
0.002222
0.002199
0.0023149
0.0022842
0.0022455
0.0022632
0.0023039
0.0023095
0.0022592
0.0022853
0.0022561
0.0023039
0.0024594
0.0025331
0.0024759
0.0025069
0.0025661
0.002556
0.0026553
0.002775
0.0026751
0.002651
0.0026871
0.0026682
0.0025833
0.0025198
0.002433
0.0024446
0.0023695
0.002313
0.0022212
0.0021992
0.0021668
0.0022675
0.0022246
0.002206
0.0021868
0.0022166
0.0022164
0.0022136
0.0021431
0.0018969
0.0019115
0.0020197
0.0019726
0.0019272
0.0018088
0.0018283
0.0016386
0.0016953
0.0015935
0.0015071
0.0016332
0.0016117
0.0017954
0.0017099
0.0018939
0.0018891
0.0020303
0.0020531
0.0020435
0.0021255
0.0020998
0.0020092
0.0019909
0.0019897
0.0019504
0.0019504
0.001884
0.0017945
0.0020424
0.0020075
0.0019894
0.0020497
0.0019786
0.0015267
0.0015386
0.0015238
0.0015056
0.0014711
0.0017388
0.0016692
0.0016303
0.0016107
0.0014986
0.001534
0.0014221
0.0014109
0.0014191
0.0014864
0.0013759
0.0013947
0.0013906
0.0013906
0.0016724
0.0016591
0.0016442
0.0015774
0.0015206
0.0014539
0.0015194
0.0015731
0.0016603
0.0016164
0.0015382
0.0015778
0.00159
0.0016174
0.0016396
0.0017489
0.0017238
0.0016848
0.0015839
0.0015794
0.0014931
0.0015216
0.0014148
0.001308
0.0013162
0.0012905
0.0011862
0.001284
0.0012791
0.001468
0.001468
0.0013773
0.0013323
0.0012298
0.0012059
0.0011772
0.0010212
0.0010496
0.0011074
0.0011074
0.0012447
0.0012894
0.0013202
0.0014932
0.0014386
0.0013367
0.0012873
0.0012925
0.0012686
0.0012747
0.0012902
0.0011441
0.0010537
0.001062
0.0010325
0.0010529
0.0011111
0.0010425
0.00080602
0.00074437
0.00071267
0.00060224
0.0005492
0.00036981
0.00035424
0.00038801
0.00034754
0.00026761
0.00016481
0.00015709
0.0001
0.00017528
0.00015289
0.00011334
0.00011038
