0 1
0.010101 0.8995
0.020202 0.85787
0.030303 0.82592
0.040404 0.79899
0.050505 0.77527
0.060606 0.75382
0.070707 0.73409
0.080808 0.71573
0.090909 0.69849
0.10101 0.68218
0.11111 0.66667
0.12121 0.65184
0.13131 0.63763
0.14141 0.62395
0.15152 0.61075
0.16162 0.59798
0.17172 0.58561
0.18182 0.5736
0.19192 0.56191
0.20202 0.55053
0.21212 0.53943
0.22222 0.5286
0.23232 0.518
0.24242 0.50763
0.25253 0.49748
0.26263 0.48753
0.27273 0.47777
0.28283 0.46818
0.29293 0.45877
0.30303 0.44952
0.31313 0.44042
0.32323 0.43146
0.33333 0.42265
0.34343 0.41397
0.35354 0.40541
0.36364 0.39698
0.37374 0.38866
0.38384 0.38045
0.39394 0.37235
0.40404 0.36436
0.41414 0.35646
0.42424 0.34866
0.43434 0.34095
0.44444 0.33333
0.45455 0.3258
0.46465 0.31835
0.47475 0.31098
0.48485 0.30369
0.49495 0.29647
0.50505 0.28933
0.51515 0.28226
0.52525 0.27526
0.53535 0.26832
0.54545 0.26145
0.55556 0.25464
0.56566 0.2479
0.57576 0.24121
0.58586 0.23459
0.59596 0.22802
0.60606 0.2215
0.61616 0.21504
0.62626 0.20863
0.63636 0.20228
0.64646 0.19597
0.65657 0.18971
0.66667 0.1835
0.67677 0.17734
0.68687 0.17122
0.69697 0.16515
0.70707 0.15913
0.71717 0.15314
0.72727 0.1472
0.73737 0.1413
0.74747 0.13543
0.75758 0.12961
0.76768 0.12383
0.77778 0.11808
0.78788 0.11237
0.79798 0.1067
0.80808 0.10107
0.81818 0.095466
0.82828 0.0899
0.83838 0.084367
0.84848 0.078868
0.85859 0.073401
0.86869 0.067966
0.87879 0.062563
0.88889 0.057191
0.89899 0.051849
0.90909 0.046537
0.91919 0.041255
0.92929 0.036002
0.93939 0.030777
0.94949 0.02558
0.9596 0.02041
0.9697 0.015268
0.9798 0.010153
0.9899 0.0050633
1 0
